500
95
312
6
328
308
446
450
236
273
198
210
400
18
441
34
439
211
163
161
100
325
326
397
53
334
340
270
76
201
387
464
42
445
217
116
499
162
65
235
436
9
445
81
27
131
116
212
342
25
119
442
96
445
84
149
25
170
165
348
371
299
312
413
243
275
275
489
437
341
223
118
350
414
200
124
44
62
336
386
87
456
74
431
146
405
79
418
75
492
266
192
290
324
105
279
98
126
267
34
467
490
153
63
149
99
434
193
161
269
326
248
471
146
425
364
50
4
281
125
242
293
318
31
116
169
310
214
295
77
496
8
313
395
318
463
494
251
402
401
266
227
148
237
373
320
347
170
324
127
41
312
421
105
343
283
274
399
244
316
476
239
70
35
380
388
498
119
138
145
19
404
119
414
387
492
233
233
408
303
107
450
114
274
54
457
56
75
356
300
391
77
285
461
112
411
94
356
29
232
248
295
382
367
209
15
104
188
495
12
492
101
462
105
375
15
309
178
337
411
224
227
234
256
434
93
166
27
195
443
5
443
237
134
309
192
149
414
381
143
172
372
492
133
223
112
395
278
36
232
435
261
205
169
16
386
262
182
159
203
124
412
146
108
45
201
300
194
361
180
83
32
298
321
412
268
434
53
292
470
31
227
477
483
396
493
368
404
422
274
106
292
185
499
400
230
200
447
170
307
373
500
340
171
321
498
185
0
50
477
216
328
203
193
311
345
185
425
495
106
198
101
145
383
346
44
359
45
237
28
353
110
28
439
27
95
182
212
95
480
435
311
307
138
3
364
229
436
289
224
288
233
71
433
116
417
224
475
209
461
250
308
317
24
493
344
119
174
302
461
153
237
271
461
121
21
324
350
457
359
320
244
92
391
424
455
308
147
175
263
354
171
70
171
195
62
14
60
236
63
20
390
300
292
96
421
59
166
16
15
25
337
5
364
227
429
64
281
322
239
43
176
411
360
347
352
168
107
413
405
170
433
40
470
471
383
136
29
48
153
291
320
236
43
183
463
472
247
491
40
233
280
216
390
140
62
241
308
416
153
459
86
333
245
302
49
127
185
79
176
338
116
242
320
159
426
282
378
419
18
418
398
299
133
287
439
442
28
493
103
428
452
436
6
196
238
56
324
423
382
246
