700
160
497
161
57
436
276
312
133
24
417
456
183
101
267
159
192
184
328
164
0
429
81
243
376
268
320
212
115
397
313
262
303
55
423
107
491
198
419
370
470
81
326
152
430
92
57
121
22
385
31
22
59
113
265
181
127
332
139
490
475
199
251
278
254
421
385
492
365
49
107
334
377
433
232
306
271
289
174
39
420
205
62
226
64
73
153
439
405
293
428
126
492
425
404
492
345
34
229
210
330
337
290
206
269
269
259
287
304
433
326
471
384
134
196
195
208
95
133
359
388
307
485
379
478
134
117
69
415
346
25
244
182
315
197
198
330
456
485
134
134
310
104
264
445
46
205
399
141
338
257
29
391
489
154
115
122
17
184
37
364
209
27
45
270
224
490
100
426
474
481
306
30
84
70
221
377
275
119
17
360
122
293
497
110
194
111
480
211
41
263
321
250
290
113
20
261
102
367
186
76
347
239
106
177
55
327
300
76
192
63
436
314
103
179
171
297
36
150
254
78
413
322
74
449
435
94
209
36
207
142
112
53
381
465
477
436
37
276
11
476
340
194
290
443
119
461
486
155
357
486
480
15
307
54
464
241
395
420
24
102
61
136
402
442
348
125
123
131
401
381
107
487
74
143
175
440
103
407
95
206
393
321
221
446
121
184
434
16
350
458
365
411
340
12
98
434
137
221
65
285
102
419
271
423
61
193
363
411
99
204
116
238
24
83
431
393
13
364
155
364
321
19
274
160
31
373
94
416
340
406
200
442
324
217
111
131
156
474
41
256
177
404
240
448
487
170
340
500
280
241
363
100
260
384
7
38
256
348
200
342
253
400
284
323
363
141
454
19
114
241
21
37
144
261
231
130
178
318
376
458
58
239
305
65
122
58
103
124
406
303
466
405
449
496
227
311
136
427
76
497
167
97
280
311
105
11
187
29
329
309
233
133
47
37
198
416
342
47
286
247
96
499
398
44
240
371
102
377
297
425
119
210
22
400
267
374
157
200
403
232
9
135
365
303
420
310
466
261
357
251
255
454
496
152
244
236
23
92
359
66
17
478
23
39
123
290
159
280
491
61
258
246
443
370
48
362
179
13
370
35
11
124
235
6
22
226
242
292
318
100
105
335
325
128
120
448
164
279
475
154
86
479
400
29
348
195
137
273
208
6
309
219
377
290
473
400
15
461
438
80
61
42
415
132
170
282
79
335
307
300
235
394
279
382
169
373
76
306
146
30
59
201
497
182
237
469
328
253
429
266
333
236
54
494
368
472
275
194
52
82
494
287
222
18
415
391
138
237
443
284
268
248
231
264
431
468
479
258
467
153
270
299
390
325
39
257
296
314
197
348
142
438
134
364
202
296
0
340
32
444
370
300
191
100
310
368
68
34
126
281
188
396
80
77
220
366
80
15
179
278
109
68
462
491
178
163
286
179
3
318
369
119
365
306
220
421
174
34
456
46
315
143
188
141
467
155
6
293
417
433
317
26
247
278
16
425
442
302
350
445
366
465
310
230
271
29
398
191
310
353
484
372
242
171
12
455
326
266
247
243
198
64
269
445
342
31
115
283
333
466
474
198
430
284
175
447
59
319
137
116
