1000
3
85
9
266
361
443
47
101
280
207
160
471
10
496
360
5
369
265
439
461
491
175
294
229
410
404
448
99
232
234
369
483
66
124
248
427
66
295
28
347
248
188
317
258
183
176
264
298
187
449
259
425
123
299
400
280
202
94
379
434
328
494
416
140
118
410
314
431
451
88
277
198
22
340
203
453
263
213
250
450
408
255
374
278
53
274
57
1
114
182
182
442
175
97
329
39
254
142
471
204
477
494
149
499
334
98
451
96
311
448
45
218
202
166
242
2
186
299
3
300
227
185
488
149
29
62
188
29
451
405
480
427
399
128
426
232
226
122
74
283
69
366
1
18
278
490
267
464
35
16
9
262
449
244
411
224
52
346
253
3
250
232
176
148
361
348
126
333
471
200
116
286
66
364
304
344
353
317
54
388
334
310
150
282
300
307
5
353
152
4
102
403
236
278
297
343
126
424
423
96
370
38
382
182
148
433
26
0
249
327
135
82
383
31
110
183
338
362
35
491
366
137
139
349
161
182
438
287
105
360
129
222
144
258
404
292
190
176
39
185
2
174
14
132
205
124
315
289
487
96
25
98
480
164
193
140
347
131
174
198
237
303
420
382
60
70
420
497
246
459
182
496
132
443
127
83
66
188
373
299
284
398
144
9
62
337
396
155
214
69
99
452
373
266
333
179
336
252
423
328
211
351
69
89
293
196
173
105
130
45
151
160
443
295
169
251
378
65
152
92
134
252
43
253
17
122
179
99
120
101
427
77
452
497
167
491
439
86
95
69
131
246
229
320
287
145
71
165
210
470
3
90
221
46
90
485
415
269
83
34
116
10
112
314
253
279
304
191
365
145
6
242
392
483
61
425
127
379
336
83
349
339
420
316
131
9
301
45
24
384
80
140
140
439
200
393
464
3
331
74
149
337
316
287
65
123
458
192
249
294
21
344
379
442
159
10
197
206
302
222
90
128
108
477
66
309
116
29
58
193
103
454
29
165
240
342
289
445
33
37
238
302
127
116
243
286
373
186
493
175
154
329
303
263
51
370
318
167
145
376
360
249
330
136
414
316
478
449
260
257
232
244
305
359
107
47
392
480
481
130
154
134
205
204
397
256
320
461
424
465
83
29
460
159
412
120
475
389
315
482
393
47
472
197
152
78
492
43
305
472
420
459
352
124
409
249
381
228
456
50
440
38
79
399
197
492
265
419
126
80
146
265
127
117
463
25
443
200
316
247
418
235
452
269
360
361
264
487
335
220
36
274
4
362
420
202
99
184
367
473
264
259
237
137
376
446
163
64
145
479
311
309
460
9
78
319
370
342
305
451
61
87
472
66
450
137
14
295
321
127
267
332
386
4
469
7
196
378
72
342
356
129
150
316
138
475
381
254
317
433
452
124
19
423
437
215
59
451
10
126
324
277
458
209
27
173
217
224
50
35
312
153
164
208
215
303
183
342
303
500
274
254
370
40
176
307
1
482
3
11
355
328
35
58
36
62
231
500
32
28
34
344
428
446
52
389
495
235
477
297
481
498
51
96
37
474
403
38
202
407
297
56
481
78
114
263
140
92
263
173
367
43
263
40
489
315
429
483
296
405
280
22
402
77
119
185
297
21
471
499
174
13
301
401
91
162
164
478
254
173
397
120
463
160
407
452
221
335
180
17
486
206
286
134
29
405
319
327
173
289
71
93
302
373
495
139
34
405
117
34
324
13
401
286
173
307
484
395
141
164
158
373
370
444
6
400
349
326
473
268
361
43
361
410
416
101
48
196
5
165
230
329
179
130
362
98
437
345
239
324
8
397
197
125
87
203
271
436
275
490
450
136
32
310
292
195
412
340
391
163
252
368
239
177
244
100
275
181
445
261
251
200
157
194
71
244
144
88
426
419
77
375
301
356
432
92
297
89
179
435
499
431
302
237
107
45
337
128
473
28
389
471
475
293
164
292
36
308
126
209
474
450
330
20
51
7
113
349
96
292
283
95
469
84
332
75
376
416
450
349
190
339
65
411
131
229
449
414
284
74
122
3
270
199
23
321
206
136
169
303
174
452
144
389
282
222
210
405
384
160
253
73
245
64
230
376
293
178
35
323
499
158
326
268
103
350
336
309
232
251
358
153
450
1
41
231
224
252
135
107
412
134
428
156
198
157
278
238
82
313
60
327
217
133
342
320
483
177
129
214
428
487
367
377
235
155
355
459
407
236
312
64
117
239
220
61
143
498
45
225
56
353
298
274
486
139
340
468
316
469
428
491
202
41
113
437
196
214
141
349
